Max Model 1
file = run2_11_run1.dat 
'Zavg': -3.33400745,
 'betaVals':[ 3.97265625  0.31738281  3.7421875   0.16113281  0.07421875  1.02636719 0.45605469]
 'c8F1': -0.672861755271,
 'c8F2': 0.678180645161,
 'c8Z': -1.36031957,
 'c9F1': 0.611861475974,
 'c9F2': 0.626656363636,
 'mF1': -0.91460095013,
 'mF2': 0.773505,
 'mZ': -2.62943374,
 'rF1': -0.479670294112,
 'rF2': 0.541217241379,
 'rZ': -3.33203753,
 'tF1': -0.512261210233,
 'tF2': 0.581214285714,
 'tZ': -6.01423895}

 Best R F1
 'Zavg': -3.692553,
 'betaVals': '[ 3.21484375  1.34863281  1.70507812  0.66210938  0.02148438  0.98730469 0.30761719]',
 'c8F1': -0.669618047342,
 'c8F2': 0.677637903226,
 'c8Z': -1.47847206,
 'c9F1': 0.60611911407,
 'c9F2': 0.626408181818,
 'mF1': -0.914451541929,
 'mF2': 0.771005,
 'mZ': -2.62283699,
 'rF1': -0.480468952675,
 'rF2': 0.545932758621,
 'rZ': -4.0822643,
 'tF1': -0.503456264593,
 'tF2': 0.5811625,
 'tZ': -6.58663863
